ITS2 type profile UID		31	32	33	36	39	37	35	38	40	34	43	44	45	46	47	48	50
Clade		A	A	C	C	C	C	C	C	C	C	D	D	D	D	F	F	F
Majority ITS2 sequence		A6/A3	A3	C1	C1	C15	noName	C1	noName	C21dp	C1	D1	D1	D1	D4l	noName/F3w	F5.1	F5.1a/F5u
Associated species		None	None	None	None	None	None	None	None	None	None	None	None	None	None	None	None	None
ITS2 profile abundance local		7	2	13	12	6	5	4	2	2	1	10	1	1	1	6	5	1
ITS2 profile abundance DB		7	2	13	12	6	5	4	2	2	1	10	1	1	1	6	5	1
ITS2 type profile		A6/A3-A3g	A3	C1-C1c-C1b	C1-C1g-C1b-C39-C1ai	C15	5638-5640-C1w	C1-C1by-C3ju	5718	C21dp	C1-C1g-C1b-C39	D1-D4-D4f-5585	D1-D4	D1	D4l	5621_F/F3w	F5.1	F5.1a/F5u
495	Amphisorus2-4	0	0	0.879856811638513	0	0	0	0	0	0	0	0	0	0	0	0	0	0
491	Amphisorus2-2	0	0	0.8551315254925859	0	0	0	0	0	0	0	0	0	0	0	0	0	0
463	Goniastrea1-3	0	0	0.8282884167296173	0	0	0	0	0	0	0	0	0	0	0	0	0	0
493	Amphisorus2-31	0	0	0.8230932780897345	0	0	0	0	0	0	0	0	0	0	0	0	0	0
492	Amphisorus2-30	0	0	0.798365786705662	0	0	0	0	0	0	0	0	0	0	0	0	0	0
506	Tridacna9	0.10232440015479877	0	0.7199593653250773	0	0	0	0	0	0	0	0	0	0	0	0	0	0
502	Tridacna5	0.23688657155961085	0	0.5762304777077751	0	0	0	0	0	0	0	0	0	0	0	0	0	0
501	Tridacna4	0.29488195803502865	0	0.5507221245076424	0	0	0	0	0	0	0	0	0	0	0	0	0	0
498	Tridacna1	0	0.30083799616465706	0.5451309533191477	0	0	0	0	0	0	0	0	0	0	0	0	0	0
479	Sorites1-13	0	0	0	0.7615480649188514	0	0	0	0	0	0	0	0	0	0	0	0	0
490	Sorites2-29	0	0	0	0.6452573718556226	0	0	0	0	0	0	0	0	0	0	0	0.089179821829899	0
464	Goniastrea1-5	0	0	0	0	0	0	0	0	0	0	0.9167683223041465	0	0	0	0	0	0
460	Goniastrea1-14	0	0	0	0	0	0	0	0	0	0	0.9051773981603154	0	0	0	0	0	0
461	Goniastrea1-1	0	0	0	0	0	0	0	0	0	0	0.8976566590825892	0	0	0	0	0	0
467	Goniastrea2-14	0	0	0	0	0	0	0	0	0	0	0.896930996285919	0	0	0	0	0	0
472	Goniastrea2-2	0	0	0	0	0	0	0	0	0	0	0.8946922006493938	0	0	0	0	0	0
466	Goniastrea1-9	0	0	0	0	0	0	0	0	0	0	0.8865046072209674	0	0	0	0	0	0
468	Goniastrea2-16	0	0	0	0	0	0	0	0	0	0	0.8712861596968807	0	0	0	0	0	0
469	Goniastrea2-18	0	0	0	0.0037152288888625956	0	0	0	0	0	0	0.8677662482104191	0	0	0	0	0	0
470	Goniastrea2-19	0	0	0	0	0	0	0	0	0	0	0.860195890493021	0	0	0	0	0	0
505	Tridacna8	0.8442124419328577	0	0	0.01015277046118481	0	0	0	0	0	0	0	0	0	0	0	0	0
503	Tridacna6	0.6254162694422316	0	0.08107296305486268	0	0	0	0	0	0	0	0	0	0	0	0	0	0
499	Tridacna2	0.6011855859044201	0	0.27149664421047315	0	0	0	0	0	0	0	0	0	0	0	0	0	0
500	Tridacna3	0.4690929602334735	0	0.4032813822025481	0	0	0	0	0	0	0	0	0	0	0	0	0	0
473	Porites2-3	0	0	0	0	0.8134005876899386	0	0	0	0	0	0	0	0	0	0	0	0
459	Porites1-12	0	0	0	0	0.8047204939387811	0	0	0	0	0	0	0	0	0	0	0	0
465	Porites1-6	0	0	0	0	0.7893930333383167	0	0	0	0	0	0	0	0	0	0	0	0
471	Porites2-1	0	0	0	0	0.6346395590581637	0	0	0	0	0	0	0	0	0	0	0	0
476	Porites2-9	0	0	0	0	0.6010906247835079	0	0	0	0	0	0.13053848361588632	0	0	0	0	0	0
475	Porites2-7	0	0	0	0	0.5951938239932214	0	0	0	0	0	0	0.0008355496975545461	0	0.030950643726316285	0	0	0
485	Amphisorus1-7	0	0	0	0	0	0	0	0	0	0	0	0	0	0	0.9065587835039347	0	0
481	Amphisorus1-2	0	0	0	0.012041642882383321	0	0.0036831661637989617	0	0	0	0	0	0	0	0	0.8573758460409361	0	0
487	Amphisorus2-1	0	0	0	0.0017090022056353252	0	0.005667460305867574	0	0	0	0	0	0	0	0	0.8343144271921239	0	0
497	Amphisorus2-6	0	0	0	0	0	0.005650212430467347	0	0	0	0	0	0	0	0	0.7905588892295563	0	0
494	Amphisorus2-3	0	0	0	0	0	0.020229692917285783	0	0	0	0.0015787518573551263	0	0	0	0	0.7662673353145122	0	0
482	Amphisorus1-3	0	0	0	0.0028039806800868746	0	0.004133035106486434	0	0	0	0	0	0	0	0	0.5915912995559013	0	0
478	Sorites1-12	0	0	0	0.02409771857228209	0	0	0	0	0	0	0	0	0	0	0	0.9318669646611051	0
486	Sorites1-9	0	0	0	0.2222464123079156	0	0	0	0	0	0	0	0	0	0	0	0.6933906638364267	0
480	Sorites1-14	0	0	0	0.18168727170553525	0	0	0	0	0	0	0	0	0	0	0	0.6618783366114077	0
489	Sorites2-22	0	0	0	0.34560608805943105	0	0	0	0	0	0	0	0	0.015799963761551006	0	0	0.5249501721326327	0
483	Amphisorus1-4	0	0	0	0	0	0	0.9806016305875738	0	0	0	0	0	0	0	0	0	0
477	Amphisorus1-10	0	0	0	0	0	0	0.976538349510002	0	0	0	0	0	0	0	0	0	0
484	Amphisorus1-5	0	0	0	0	0	0	0.9758107845490814	0	0	0	0	0	0	0	0	0	0
496	Amphisorus2-5	0	0	0	0	0	0	0.9704792018753748	0	0	0	0	0	0	0	0	0	0
504	Tridacna7	0	0.8535686744923314	0.0829651027577512	0	0	0	0	0	0	0	0	0	0	0	0	0	0
458	Stichodactyla1-2	0	0	0	0	0	0	0	0.31687658807136415	0	0	0	0	0	0	0	0	0
457	Stichodactyla1-1	0	0	0	0	0	0	0	0.3115985709454989	0	0	0	0	0	0	0	0	0
474	Montipora2-6	0	0	0	0	0	0	0	0	0.7823675466011142	0	0	0	0	0	0	0	0
462	Montipora1-2	0	0	0	0	0	0	0	0	0.5928621310692102	0	0	0	0	0	0	0	0
488	Sorites2-21	0	0	0	0.09681158152554234	0	0	0	0	0	0	0	0	0	0	0	0	0.8328813855843247
Sequence accession / SymPortal UID		94866/94665-95191	94665	94221-94251-94228	94221-94614-94228-94266-94299	94525	5638-5640-94531	94221-95209-4430	5718	5061	94221-94614-94228-94266	94532-94273-94352-5585	94532-94273	94532	94835		94859	2448
Average defining sequence proportions and [stdev]		0.561[0.227]-0.221[0.105]/0.218[0.304]	1.000[0.000]	0.838[0.046]-0.106[0.047]-0.056[0.020]	0.415[0.070]-0.233[0.046]-0.229[0.035]-0.078[0.022]-0.045[0.018]	1.000[0.000]	0.372[0.023]-0.336[0.016]-0.292[0.028]	0.780[0.006]-0.171[0.006]-0.049[0.003]	1.000[0.000]	1.000[0.000]	0.461[nan]-0.314[nan]-0.137[nan]-0.088[nan]	0.705[0.013]-0.225[0.007]-0.038[0.002]-0.032[0.006]	0.662[nan]-0.338[nan]	1.000[nan]	1.000[nan]	0.636[0.108]/0.364[0.108]	1.000[0.000]	1.000[nan]
